1.055792
1.002625
0.992063
1.002625
1.002688
1.002625
0.992021
1.002667
1.002687
1.002626
0.992062
1.002625
1.002687
1.002625
0.992022
0.650874
0.351792
1.002687
1.002625
0.992062
1.002626
1.002687
1.002625
0.992020
1.002666
1.002689
1.002625
0.992062
0.394833
0.607792
1.002689
1.002625
0.992020
1.002668
1.002689
1.002625
0.992062
1.002625
1.002689
1.002625
0.992020
1.002666
1.002689
1.002625
0.992062
1.002625
1.002689
1.002625
0.992020
1.002666
1.002689
1.002625
0.992062
1.002625
1.002689
1.002625
0.992020
0.394875
0.607792
1.002689
1.002625
0.992062
1.002625
1.002689
1.002625
0.992020
1.002663
1.002693
1.002617
0.992073
1.002617
1.002693
1.002617
0.992027
1.002663
1.002693
1.002617
0.522896
0.469177
1.002617
1.002693
1.002617
0.992027
1.002663
1.002693
1.002617
0.992073
1.002617
1.002693
1.002617
0.992027
1.002663
1.002693
1.002617
