0.580499
0.034830
0.034830
0.034830
0.023220
0.023220
0.034830
0.232200
0.069660
0.058050
0.058050
0.104490
0.278639
0.034830
0.023220
0.034830
0.069660
0.081270
0.092880
0.174150
0.046440
0.464399
0.023220
0.046440
0.023220
0.034830
0.034830
0.034830
0.023220
0.278640
0.081270
0.185760
0.023220
0.069660
0.081270
0.034830
0.023220
0.267030
0.081270
0.034830
0.023220
0.034830
0.034830
0.046440
0.255419
0.104490
0.034830
0.127710
0.046440
0.023220
0.046440
0.023220
0.174150
0.185760
0.058050
0.069660
0.383129
0.046440
0.104490
0.069660
0.278639
0.023220
0.046440
0.046440
0.394739
0.081270
0.034830
0.046440
0.023220
0.023220
0.046440
0.081270
0.174150
0.023220
0.232200
0.023220
0.046440
0.034830
0.046440
0.023220
0.069660
0.058050
0.197370
0.081270
0.092880
0.023219
0.058050
0.255420
0.255420
0.034829
0.023220
0.069660
0.034830
0.058050
0.023219
0.116100
0.150929
0.023220
0.487619
0.034829
0.046440
0.058050
0.116099
0.255420
0.034830
0.034830
0.185760
0.023220
0.023220
0.197370
0.058049
0.058050
0.046440
0.023220
0.023220
0.058049
0.081270
0.058050
0.058049
0.058050
0.058050
0.139319
0.046440
0.034830
0.220590
0.023220
0.069659
0.058050
0.359909
0.069660
0.185760
0.046440
0.058049
0.150930
0.023220
0.023220
0.058049
0.046440
0.092880
0.208980
0.058049
0.162539
0.104490
0.243810
0.034830
0.069659
0.034830
0.058050
0.301859
0.058050
0.197370
0.255420
0.023220
0.023220
0.046439
0.023220
0.046440
0.034830
0.197370
0.116099
0.046440
0.023220
0.441179
0.034830
0.058049
0.046440
0.104490
0.023220
0.058050
0.069658
0.034830
0.069660
0.267031
0.255419
0.034830
0.034830
0.034830
0.023220
0.023220
0.034828
0.034830
0.034830
0.058050
0.058050
0.127710
0.046440
0.046438
0.034830
0.127710
0.034830
0.208979
0.023220
0.058050
0.046440
0.220591
0.174149
0.034830
0.023220
0.034830
0.406349
0.023220
0.034830
0.034830
0.023220
0.058050
0.034828
0.023220
0.034830
0.034830
0.058050
0.092880
0.058050
0.510839
0.046438
0.023220
0.023220
0.034830
0.023220
0.116100
0.034830
0.034830
0.081268
0.092880
0.255421
0.243809
0.023220
0.034830
0.023220
0.023220
0.023220
0.081270
0.058048
0.243811
0.092880
0.162539
0.034830
0.058050
0.092880
0.069660
0.034828
0.104490
0.116100
0.255419
0.510839
0.046440
0.034830
0.046440
0.023220
0.034830
0.034830
0.034828
0.058050
0.197371
0.255419
0.104490
0.150930
0.023220
0.069658
0.150930
0.081270
0.081270
0.092878
0.255421
0.127708
0.127710
0.046440
0.023220
0.034830
0.023220
0.023220
0.069660
0.023220
0.034828
0.046440
0.185760
0.023220
0.116100
0.069658
0.116100
0.174150
0.034830
0.023220
0.104488
0.359909
0.058050
0.023220
0.034830
0.383129
0.023220
0.023220
0.023220
0.023220
0.023220
0.023220
0.034830
0.023220
0.023220
0.023220
0.104488
0.034830
0.127710
0.255419
0.034830
0.081270
0.046440
0.034830
0.243809
0.058050
0.081270
0.058050
0.034830
0.081268
0.255421
0.255419
0.023220
0.023220
0.046440
0.023220
0.023220
0.034830
0.069660
0.034830
0.046438
0.197371
0.127710
0.058048
0.255421
0.058050
0.023220
0.069658
0.406349
0.510839
0.046440
0.034830
0.023220
0.023220
0.023220
0.034830
0.034830
0.023220
0.081268
0.034830
0.081270
0.069660
0.069660
0.441177
0.034832
0.023220
0.023220
0.034828
0.023220
0.023220
0.058052
0.023220
0.081268
0.034828
0.301861
0.069660
0.069660
0.104488
0.034832
0.092880
0.023220
0.081268
